 nbeams:            1
 amb:    2.00000000    
 zbeam:    1.00000000    
 ebeam:    77.4800034       1.12103877E-44
 pbeam:    4.59999990       0.00000000    
 inbfus:            1
 rtang:    1.09000003       0.00000000    
 nbshape:            1           0
 bwidth:   0.119999997       0.00000000    
 bheigh:   0.479999989       3.09588870E-41
 nbptype:            1           0
 bgaussR:    6.59999996E-02   4.55898442E-41
 bgaussZ:   0.180000007       0.00000000    
 bzpos:    0.00000000       4.55898442E-41
 pwrfrac:   0.759999990      0.129999995      0.109999999       0.00000000       0.00000000       0.00000000    
 maxiter:            2
 nion:            2
 aion:    2.00000000       12.0000000       0.00000000       0.00000000    
 zion:    1.00000000       6.00000000       0.00000000       0.00000000    
 ne20:   0.446000010      0.444999993      0.442999989      0.439999998      0.435999990      0.432000011      0.425999999      0.419999987      0.412999988      0.405999988      0.398999989      0.391999990      0.384000003      0.375999987      0.368000001      0.361000001      0.352999985      0.344999999      0.338000000      0.331000000      0.324000001      0.317000002      0.310000002      0.303999990      0.298000008      0.293000013      0.287000000      0.282000005      0.277000010      0.273000002      0.268000007      0.263999999      0.259000003      0.254999995      0.250999987      0.246000007      0.241999999      0.237000003      0.231000006      0.225999996      0.218999997      0.213000000      0.204999998      0.195999995      0.187000006      0.175999999      0.165000007      0.150999993      0.136999995      0.119999997       9.91000012E-02
 ni20:   0.435000002      0.432999998      0.430999994      0.428000003      0.423000008      0.418000013      0.411000013      0.404000014      0.395999998      0.388000011      0.379000008      0.370000005      0.360000014      0.351000011      0.342000008      0.333000004      0.324999988      0.317000002      0.308999985      0.301999986      0.296999991      0.291999996      0.287999988      0.284000009      0.280999988      0.279000014      0.277000010      0.275000006      0.272000015      0.270000011      0.266999990      0.263999999      0.259999990      0.254999995      0.250000000      0.244000003      0.238000005      0.231000006      0.224000007      0.216000006      0.207000002      0.197999999      0.188999996      0.180000007      0.170000002      0.159999996      0.150999993      0.141000003      0.131999999      0.119000003       9.65000018E-02   1.83333457E-03   1.99999916E-03   1.99999916E-03   1.99999916E-03   2.16666353E-03   2.33333302E-03   2.49999762E-03   2.66666221E-03   2.83333170E-03   2.99999607E-03   3.33333015E-03   3.66666424E-03   3.99999833E-03   4.16666269E-03   4.33333218E-03   4.66666603E-03   4.66666603E-03   4.66666603E-03   4.83333552E-03   4.83333552E-03   4.50000167E-03   4.16666782E-03   3.66666913E-03   3.33333015E-03   2.83333659E-03   2.33333302E-03   1.66666508E-03   1.16666651E-03   8.33332539E-04   4.99998510E-04   1.66669488E-04   0.00000000      -1.66664526E-04   0.00000000       1.66664526E-04   3.33333999E-04   6.66665554E-04   9.99999582E-04   1.16666651E-03   1.66666508E-03   1.99999916E-03   2.50000018E-03   2.66666710E-03   2.66666454E-03   2.83333403E-03   2.66666710E-03   2.33333558E-03   1.66666508E-03   8.33332539E-04   1.66665763E-04   4.33333218E-04   1.40129846E-45   0.00000000       4.13259733E-40   0.00000000       4.24739170E-40   0.00000000       4.19963545E-40   0.00000000       4.19985965E-40   0.00000000       4.07520014E-40   0.00000000       4.20389539E-45   0.00000000       4.48415509E-44   0.00000000       1.12103877E-44   0.00000000       5.60519386E-45   5.60519386E-45   1.23314265E-42   0.00000000       1.23314265E-42   0.00000000       1.23314265E-42   0.00000000       9.52882956E-44   0.00000000       9.52882956E-44   0.00000000       5.60519386E-45   0.00000000       9.80908925E-45   5.60519386E-45   2.79739531E-39   0.00000000       2.80313503E-39   0.00000000       2.80313503E-39   0.00000000       2.24207754E-44   0.00000000       2.01786979E-43   0.00000000       1.12103877E-44   0.00000000       1.80701204E+22   5.60519386E-45   1.18830110E-42   0.00000000       1.18830110E-42   0.00000000      -6.41733007E+26   4.55898442E-41   4.48415509E-44   0.00000000       4.48415509E-44   0.00000000       1.12103877E-44   0.00000000      -6.49565863E+26   4.55898442E-41   2.57954945E-39   0.00000000       0.00000000       0.00000000       0.00000000       0.00000000      -6.51095467E+26   4.55898442E-41   3.39955007E-41   0.00000000      -6.42114338E+26   4.55898442E-41   5.46506401E-44   0.00000000      -6.42202882E+26   4.55898442E-41   2.38220739E-44   0.00000000       6.58610278E-44   0.00000000       1.03876057E+37   4.59135442E-41   1.40129846E-45   0.00000000       1.03876057E+37   4.59135442E-41  -6.51035109E+26   4.55898442E-41   1.58451480E+29   0.00000000       1.03876057E+37   4.59135442E-41  -6.42117880E+26   4.55898442E-41  -6.49391357E+26   4.55898442E-41   1.50667611E-41   0.00000000       1.40129846E-45   0.00000000    
 tekev:    1340.00000       1340.00000       1340.00000       1330.00000       1320.00000       1310.00000       1300.00000       1280.00000       1260.00000       1240.00000       1220.00000       1200.00000       1170.00000       1140.00000       1120.00000       1090.00000       1060.00000       1030.00000       995.000000       963.000000       931.000000       898.000000       864.000000       831.000000       797.000000       764.000000       730.000000       697.000000       663.000000       630.000000       597.000000       565.000000       533.000000       501.000000       470.000000       440.000000       410.000000       380.000000       351.000000       322.000000       294.000000       267.000000       240.000000       213.000000       187.000000       162.000000       137.000000       113.000000       89.0999985       66.0000000       43.5000000    
 tikev:    1360.00000       1360.00000       1360.00000       1350.00000       1330.00000       1320.00000       1300.00000       1280.00000       1250.00000       1230.00000       1200.00000       1170.00000       1130.00000       1100.00000       1060.00000       1030.00000       993.000000       956.000000       920.000000       883.000000       846.000000       811.000000       775.000000       741.000000       708.000000       676.000000       645.000000       617.000000       589.000000       564.000000       540.000000       518.000000       497.000000       478.000000       460.000000       442.000000       426.000000       411.000000       396.000000       382.000000       368.000000       355.000000       341.000000       326.000000       310.000000       293.000000       273.000000       251.000000       225.000000       197.000000       164.000000    
 zeff:    1.12331843       1.13483143       1.13544011       1.13636363       1.14908242       1.16203701       1.17605615       1.19047582       1.20581102       1.22167456       1.25062633       1.28061199       1.31249976       1.33244658       1.35326076       1.38781154       1.39660048       1.40579700       1.42899430       1.43806672       1.41666675       1.39432180       1.35483897       1.32894707       1.28523517       1.23890781       1.17421591       1.12411344       1.09025264       1.05494487       1.01865697       1.00000000      0.980695248       1.00000000       1.01991999       1.04065049       1.08264446       1.12658226       1.15151513       1.22123873       1.27397251       1.35211277       1.39024401       1.40816295       1.45454550       1.45454550       1.42424273       1.33112550       1.18248153       1.04166651       1.13118052    
 r0:    1.64999998    
 a:   0.597999990    
 b0:    2.00000000    
 volp:    17.5443993    
 n:           51
 rnorm:    0.00000000       1.99999996E-02   3.99999991E-02   5.99999987E-02   7.99999982E-02  0.100000001      0.119999997      0.140000001      0.159999996      0.180000007      0.200000003      0.219999999      0.239999995      0.259999990      0.280000001      0.300000012      0.319999993      0.340000004      0.360000014      0.379999995      0.400000006      0.419999987      0.439999998      0.460000008      0.479999989      0.500000000      0.519999981      0.540000021      0.560000002      0.579999983      0.600000024      0.620000005      0.639999986      0.660000026      0.680000007      0.699999988      0.720000029      0.740000010      0.759999990      0.779999971      0.800000012      0.819999993      0.839999974      0.859999955      0.879999995      0.900000036      0.920000076      0.940000176      0.960000217      0.980000257       1.00000000    
 vprime:    0.00000000      0.492759973       1.47853935       2.46552944       3.45476770       4.44729233       5.44414091       6.44635057       7.45495939       8.47100639       9.49552631       10.5295601       11.5741444       12.6303148       13.6991119       14.7815714       15.8787336       16.9916306       18.1213074       19.2687988       20.4351425       21.6213741       22.8285313       24.0576572       25.3097801       26.5859528       27.8871937       29.2145576       30.5690708       31.9517822       33.3637161       34.8059196       36.2794228       37.7852745       39.3245010       40.8981476       42.5072479       44.1528435       45.8359680       47.5576630       49.3189583       51.1209106       52.9645348       54.8508759       56.7809792       58.7558784       60.7766113       62.8442230       64.9597321       67.1241989       69.3386230    
 dvol:    1.47335243E-03   1.17888870E-02   2.35901847E-02   3.54163051E-02   4.72796522E-02   5.91926537E-02   7.11677149E-02   8.32172260E-02   9.53536332E-02  0.107589297      0.119936742      0.132408187      0.145016223      0.157773122      0.170691520      0.183783516      0.197061732      0.210538551      0.224226221      0.238137588      0.252284467      0.266679347      0.281336367      0.296263784      0.311479688      0.326990038      0.342814445      0.358957767      0.375440001      0.392265886      0.409455210      0.427013665      0.444960833      0.463300079      0.482053965      0.501224756      0.520835817      0.540887654      0.561404049      0.582386672      0.603859663      0.625821888      0.648297727      0.671295702      0.694826543      0.718901873      0.743537366      0.768742144      0.794530153      0.820906878       0.00000000    
 darea:    1.42115954E-04   1.13712705E-03   2.27545109E-03   3.41616967E-03   4.56047896E-03   5.70957782E-03   6.86466275E-03   8.02692864E-03   9.19757690E-03   1.03777982E-02   1.15688024E-02   1.27717676E-02   1.39879081E-02   1.52184069E-02   1.64644830E-02   1.77273061E-02   1.90080889E-02   2.03080308E-02   2.16283090E-02   2.29701661E-02   2.43347380E-02   2.57232338E-02   2.71370132E-02   2.85768751E-02   3.00445631E-02   3.15406546E-02   3.30670364E-02   3.46241817E-02   3.62140164E-02   3.78370024E-02   3.94950397E-02   4.11886871E-02   4.29198258E-02   4.46887836E-02   4.64977399E-02   4.83469069E-02   5.02385385E-02   5.21726906E-02   5.41516505E-02   5.61755858E-02   5.82468174E-02   6.03652373E-02   6.25331998E-02   6.47515282E-02   6.70212582E-02   6.93435073E-02   7.17197806E-02   7.41509721E-02   7.66384229E-02   7.91826546E-02   0.00000000    
 kappa:    1.26499999       1.26522195       1.26588798       1.26699793       1.26855195       1.27055001       1.27299201       1.27587795       1.27920794       1.28298199       1.28719997       1.29186201       1.29696798       1.30251801       1.30851197       1.31494999       1.32183194       1.32915795       1.33692801       1.34514201       1.35380006       1.36290205       1.37244797       1.38243794       1.39287198       1.40374994       1.41507196       1.42683804       1.43904805       1.45170200       1.46480000       1.47834206       1.49232805       1.50675797       1.52163196       1.53694999       1.55271196       1.56891799       1.58556795       1.60266197       1.62020004       1.63818204       1.65660799       1.67547798       1.69479203       1.71455002       1.73475218       1.75539827       1.77648830       1.79802227       1.82000005    
 dkappa:    0.00000000       2.22000014E-02   4.44000028E-02   6.66000098E-02   8.88000056E-02  0.111000016      0.133200020      0.155400023      0.177600011      0.199800029      0.222000033      0.244200021      0.266400039      0.288600028      0.310800046      0.333000064      0.355200022      0.377400041      0.399600059      0.421800047      0.444000065      0.466200054      0.488400042      0.510600090      0.532800078      0.555000067      0.577200055      0.599400103      0.621600091      0.643800080      0.666000128      0.688200116      0.710400045      0.732600093      0.754800081      0.777000070      0.799200118      0.821400106      0.843600094      0.865800083      0.888000131      0.910200119      0.932400107      0.954600036      0.976800084      0.999000132       1.02120018       1.04340029       1.06560040       1.08780038       1.11000013    
 shafr:    3.29999998E-02   3.29868011E-02   3.29471976E-02   3.28812003E-02   3.27888019E-02   3.26699987E-02   3.25247981E-02   3.23532000E-02   3.21552008E-02   3.19308005E-02   3.16799991E-02   3.14028002E-02   3.10991984E-02   3.07691991E-02   3.04127987E-02   3.00299991E-02   2.96208002E-02   2.91852001E-02   2.87232008E-02   2.82348003E-02   2.77199987E-02   2.71787997E-02   2.66111996E-02   2.60172002E-02   2.53968015E-02   2.47499999E-02   2.40768008E-02   2.33772006E-02   2.26511993E-02   2.18988005E-02   2.11199988E-02   2.03147996E-02   1.94831993E-02   1.86251979E-02   1.77407991E-02   1.68299992E-02   1.58927999E-02   1.49291987E-02   1.39392000E-02   1.29228020E-02   1.18799983E-02   1.08107999E-02   9.71520133E-03   8.59320164E-03   7.44479988E-03   6.26999792E-03   5.06879529E-03   3.84118827E-03   2.58718664E-03   1.30678283E-03   0.00000000    
 dshafr:   -0.00000000      -1.31999992E-03  -2.63999985E-03  -3.95999989E-03  -5.27999969E-03  -6.59999996E-03  -7.91999977E-03  -9.23999958E-03  -1.05599994E-02  -1.18800001E-02  -1.31999999E-02  -1.45199997E-02  -1.58399995E-02  -1.71599984E-02  -1.84799992E-02  -1.97999999E-02  -2.11199988E-02  -2.24399995E-02  -2.37600002E-02  -2.50799991E-02  -2.63999999E-02  -2.77199987E-02  -2.90399995E-02  -3.03600002E-02  -3.16799991E-02  -3.29999998E-02  -3.43199968E-02  -3.56400013E-02  -3.69599983E-02  -3.82799990E-02  -3.95999998E-02  -4.09200005E-02  -4.22399975E-02  -4.35600020E-02  -4.48799990E-02  -4.61999997E-02  -4.75200005E-02  -4.88400012E-02  -5.01599982E-02  -5.14799990E-02  -5.27999997E-02  -5.41200005E-02  -5.54399975E-02  -5.67599982E-02  -5.80799989E-02  -5.94000034E-02  -6.07200041E-02  -6.20400123E-02  -6.33600131E-02  -6.46800175E-02  -6.59999996E-02
 hofr:    5.64571571       11.4249411       7.51524353       6.62221050       6.13262987       5.76473284       5.41584682       5.08922815       4.76070070       4.44020700       4.13415909       3.83663893       3.54267383       3.25779009       2.98840046       2.75012994       2.34580779       2.07992315       1.88576770       1.72228980       1.57684171       1.45013726       1.33582497       1.24060237       1.15262926       1.07652068       1.00181580      0.939225435      0.883974910      0.836254895      0.789667547      0.751615107      0.715391397      0.684901237      0.658777118      0.632384837      0.612642169      0.593095601      0.572022736      0.560043991      0.545089543      0.540410399      0.540937185      0.550029039      0.526193321      0.478582352      0.411732525      0.346085042      0.277332693      0.203419015       0.00000000       5.31392860       10.7412300       7.07237244       6.24127245       5.78361845       5.44259119       5.12100554       4.82091618       4.51948404       4.22556353       3.93868041       3.66001773       3.38374066       3.12052822       2.87084842       2.64525080       2.26761985       2.02039456       1.83717716       1.68569767       1.55621469       1.44333851       1.34375858       1.25865054       1.18170798       1.11560547       1.05172896      0.996800780      0.946108758      0.902454317      0.858873963      0.821695924      0.783864737      0.751622438      0.721674025      0.690874755      0.664945126      0.638424754      0.611017644      0.588807046      0.563431799      0.544197440      0.526033282      0.511534691      0.482863635      0.442817956      0.395926535      0.346609950      0.296777070      0.240584642       0.00000000       4.64730453       9.39041710       6.19084597       5.47424221       5.08309031       4.79569721       4.52661514       4.27697229       4.02647543       3.78234959       3.54061961       3.30550885       3.07086968       2.84872985       2.63669038       2.44250989       2.11337233       1.89937878       1.73965549       1.60910892       1.50049853       1.40590394       1.32393289       1.25270081       1.18928468       1.13560450       1.08417344       1.03936744      0.996489406      0.960030854      0.922564983      0.889930248      0.854660928      0.824680746      0.795352399      0.764446676      0.737155676      0.708376586      0.678805888      0.651951969      0.621487677      0.595016778      0.567811191      0.541879416      0.509373546      0.470605284      0.430260837      0.385804027      0.342355460      0.291067660       0.00000000       0.00000000      -6.51705833E+26   4.55898442E-41   0.00000000       0.00000000      -6.56081475E+26   4.55898442E-41   1.03886806E+37   4.59135442E-41   0.00000000       0.00000000      -6.51701922E+26   4.55898442E-41   1.03887009E+37   4.59135442E-41   1.03886806E+37   4.59135442E-41   0.00000000       0.00000000       1.03886806E+37   4.59135442E-41   1.03882724E+37   4.59135442E-41   0.00000000       0.00000000       3.90625000E-03              NaN  -2.78043051E+26   4.55898442E-41  -6.54722982E+26   4.55898442E-41   9.18368975E-41   9.18368975E-41   9.18368975E-41   1.40129846E-45   7.27595761E-12              NaN   1.03883155E+37   4.59135442E-41   0.00000000       0.00000000      -2.72387132E+26   4.55898442E-41   8.40779079E-45   0.00000000       0.00000000       8.40779079E-45   4.20389539E-45   0.00000000       1.03883092E+37   4.59135442E-41   7.00649232E-45              NaN   4.20389539E-45   0.00000000       7.00649232E-45   0.00000000      -2.72386246E+26   4.55898442E-41   9.80908925E-45   2.29588754E-38   1.03883054E+37   4.59135442E-41   1.52088564E-16   3.09588870E-41   1.12103877E-44   0.00000000       1.12103877E-44   0.00000000      -2.72386099E+26   4.55898442E-41   0.00000000       0.00000000       0.00000000       0.00000000       1.03894209E+37   4.59135442E-41  -6.51884988E+26   4.55898442E-41   1.40129846E-45   4.55898442E-41  -6.61167316E+26   4.55898442E-41   0.00000000       0.00000000      -6.51787146E+26   4.55898442E-41   1.40129846E-45   4.55898442E-41  -6.42117880E+26   4.55898442E-41   1.03884271E+37   4.59135442E-41  -6.51787146E+26   4.55898442E-41   1.40129846E-45   3.09588870E-41  -6.42017529E+26   4.55898442E-41   1.03884474E+37   4.59135442E-41  -6.51787146E+26   4.55898442E-41   1.40129846E-45   3.09588870E-41  -6.41923082E+26   4.55898442E-41   1.03884677E+37   4.59135442E-41  -6.51787146E+26   4.55898442E-41   1.40129846E-45   3.09588870E-41  -6.41828635E+26   4.55898442E-41   1.03884879E+37   4.59135442E-41  -6.51787146E+26   4.55898442E-41   1.40129846E-45   3.09588870E-41  -6.41733007E+26   4.55898442E-41   1.03885082E+37   4.59135442E-41  -6.51787146E+26   4.55898442E-41   1.40129846E-45   3.09588870E-41  -6.41637379E+26   4.55898442E-41   1.03885285E+37   4.59135442E-41  -6.51787146E+26   4.55898442E-41   1.40129846E-45   0.00000000      -6.61311938E+26   4.55898442E-41   1.03885488E+37   4.59135442E-41   0.00000000       0.00000000       0.00000000       0.00000000       0.00000000       0.00000000       0.00000000       0.00000000       0.00000000       0.00000000       1.03885691E+37   4.59135442E-41
 shinethru:    0.00000000       0.00000000       0.00000000       0.00000000       0.00000000       0.00000000    
 jnbTot:    187280.547       967872.312       779654.375       782760.500       808160.500       827908.688       839508.188       842758.438       837977.312       825968.125       811573.938       791094.750       766461.562       736074.062       703773.812       672838.188       595707.312       548016.312       513999.531       485184.750       458899.812       436089.125       415193.531       397413.750       380597.438       365231.750       350318.500       337431.438       326463.219       316317.688       307047.688       299598.719       293372.562       288832.094       285616.438       283089.969       282281.500       282489.656       283061.062       286860.000       292053.500       302052.062       321344.500       351721.125       355796.250       345348.469       315448.281       289081.844       251727.344       201468.562       0.00000000    
 pnbe:    4.80017588E-05   1.16968244E-04   4.13058442E-05   9.09227747E-05   6.95666240E-05   5.19848873E-05   4.78798356E-05   6.56524644E-05   4.69712322E-05   4.18078162E-05   5.79576590E-05   4.79331247E-05   3.61134771E-05   3.76261196E-05   3.77219476E-05   2.96507333E-05   2.75195944E-05   3.05086869E-05   3.59165460E-05   2.66400639E-05   3.17275808E-05   2.50270259E-05   2.62451777E-05   2.86844861E-05   3.06830007E-05   2.73385813E-05   2.78771658E-05   2.71612626E-05   2.80275126E-05   2.93239573E-05   3.03400702E-05   2.99874082E-05   3.24916982E-05   3.41389932E-05   3.57697063E-05   3.82274302E-05   4.06361105E-05   4.47657912E-05   4.78940565E-05   5.40341171E-05   5.98463375E-05   6.85694322E-05   7.98054025E-05   9.66229127E-05   1.12279748E-04   1.26347775E-04   1.40108416E-04   1.57232469E-04   1.80150644E-04   2.08223544E-04   0.00000000    
 pnbi:    1.44010878       2.91342831       1.91710269       1.69010627       1.56569052       1.47248614       1.38424742       1.30171716       1.21877253       1.13785517       1.06010389      0.984549224      0.909799755      0.837652326      0.769346297      0.708585262      0.605655611      0.538072407      0.488526911      0.447032362      0.410498530      0.378681779      0.350143731      0.326211363      0.304227740      0.285263926      0.266716719      0.251080811      0.237105936      0.225056201      0.213205919      0.203415290      0.193887949      0.185847014      0.178773090      0.171570420      0.165963039      0.160329983      0.154340729      0.150416091      0.145686820      0.143326670      0.142016634      0.142569423      0.135889366      0.123904988      0.107808463       9.17469040E-02   7.50723258E-02   5.69212697E-02   0.00000000    
 beamDens:   -1.11494835E+21  -2.26017271E+21  -1.49439344E+21  -1.31245308E+21  -1.20010980E+21  -1.12680358E+21  -1.05042028E+21  -9.79514342E+20  -9.00655749E+20  -8.35626726E+20  -7.63784460E+20  -6.95513479E+20  -6.23025087E+20  -5.63177420E+20  -5.00331201E+20  -4.50202372E+20  -3.73086039E+20  -3.20806144E+20  -2.80909142E+20  -2.47082447E+20  -2.17798933E+20  -1.93113754E+20  -1.70971806E+20  -1.52128710E+20  -1.35466518E+20  -1.20792198E+20  -1.07742094E+20  -9.67797963E+19  -8.68923720E+19  -7.85147531E+19  -7.10532385E+19  -6.46705032E+19  -5.90038358E+19  -5.41373709E+19  -4.98491260E+19  -4.58584750E+19  -4.25138090E+19  -3.95718897E+19  -3.67957482E+19  -3.44836028E+19  -3.23334132E+19  -3.06557674E+19  -2.92866709E+19  -2.82142908E+19  -2.58631479E+19  -2.28886347E+19  -1.91073658E+19  -1.56149178E+19  -1.19241827E+19  -8.44686009E+18   0.00000000    
 beamPress:    36737.8164       90102.1406       30697.3770       69812.2812       52551.6055       39198.6406       36092.3633       49765.8398       35224.0195       30625.0781       42517.1758       35128.7109       25970.6133       26565.6152       26838.3672       20437.7695       18579.2148       20474.2461       23046.1230       16667.5703       19446.1758       14752.1777       15053.6387       15637.6387       16111.0361       13745.2363       13345.3711       12376.9561       12066.4297       11876.9336       11582.0596       10697.1582       10830.4570       10553.7051       10220.0645       10080.1689       9827.74805       9870.11523       9634.08398       9775.39551       9762.93164       9975.73926       10302.3428       10932.1318       10987.5215       10618.8691       9798.64258       9032.18262       8022.29248       6786.49707       0.00000000    
 beamFus:   -3.79496765      -7.65761662      -5.03969479      -4.36910534      -3.90098357      -3.59721065      -3.25635147      -2.94705677      -2.60461903      -2.33620310      -2.04321671      -1.77808142      -1.50458682      -1.29578972      -1.08629727     -0.928144991     -0.726831675     -0.589298904     -0.485873729     -0.402344823     -0.335273117     -0.280957311     -0.235021636     -0.197543621     -0.166523874     -0.140877709     -0.119058192     -0.101524264      -8.59835595E-02  -7.37392306E-02  -6.30548000E-02  -5.43017760E-02  -4.66793776E-02  -4.02710065E-02  -3.48606333E-02  -2.99513079E-02  -2.59937905E-02  -2.25555915E-02  -1.94964353E-02  -1.69087835E-02  -1.45532480E-02  -1.26596186E-02  -1.10156070E-02  -9.58734006E-03  -7.81105179E-03  -6.06741896E-03  -4.36826842E-03  -2.98738270E-03  -1.84219610E-03  -9.74188093E-04   0.00000000    
 pbfuse:    0.00000000       0.00000000       0.00000000       0.00000000       0.00000000       0.00000000       0.00000000       0.00000000       0.00000000       0.00000000       0.00000000       0.00000000       0.00000000       0.00000000       0.00000000       0.00000000       0.00000000       0.00000000       0.00000000       0.00000000       0.00000000       0.00000000       0.00000000       0.00000000       0.00000000       0.00000000       0.00000000       0.00000000       0.00000000       0.00000000       0.00000000       0.00000000       0.00000000       0.00000000       0.00000000       0.00000000       0.00000000       0.00000000       0.00000000       0.00000000       0.00000000       0.00000000       0.00000000       0.00000000       0.00000000       0.00000000       0.00000000       0.00000000       0.00000000       0.00000000       0.00000000    
 pbfusi:    0.00000000       0.00000000       0.00000000       0.00000000       0.00000000       0.00000000       0.00000000       0.00000000       0.00000000       0.00000000       0.00000000       0.00000000       0.00000000       0.00000000       0.00000000       0.00000000       0.00000000       0.00000000       0.00000000       0.00000000       0.00000000       0.00000000       0.00000000       0.00000000       0.00000000       0.00000000       0.00000000       0.00000000       0.00000000       0.00000000       0.00000000       0.00000000       0.00000000       0.00000000       0.00000000       0.00000000       0.00000000       0.00000000       0.00000000       0.00000000       0.00000000       0.00000000       0.00000000       0.00000000       0.00000000       0.00000000       0.00000000       0.00000000       0.00000000       0.00000000       0.00000000    
 snBeamDD:   -3.62701013E+18  -7.31870674E+18  -4.81664928E+18  -4.17563922E+18  -3.72803491E+18  -3.43761541E+18  -3.11164100E+18  -2.81583581E+18  -2.48823989E+18  -2.23153224E+18  -1.95124089E+18  -1.69760115E+18  -1.43590240E+18  -1.23619604E+18  -1.03577205E+18  -8.84561640E+17  -6.92251284E+17  -5.60847241E+17  -4.62042343E+17  -3.82254391E+17  -3.18200349E+17  -2.66358427E+17  -2.22531464E+17  -1.86801665E+17  -1.57249799E+17  -1.32835616E+17  -1.12086449E+17  -9.54330223E+16  -8.06910624E+16  -6.90904073E+16  -5.89830264E+16  -5.07140762E+16  -4.35246488E+16  -3.74910959E+16  -3.24039005E+16  -2.77951106E+16  -2.40857213E+16  -2.08686448E+16  -1.80100842E+16  -1.55959196E+16  -1.34019612E+16  -1.16402333E+16  -1.01110971E+16  -8.78314584E+15  -7.14038420E+15  -5.53306678E+15  -3.97151680E+15  -2.70635875E+15  -1.66126476E+15  -8.73756336E+14   0.00000000    
 snBeamDT:   0.399223834      0.399223834      0.399223834      0.399223834      0.399223834      0.399223834      0.399223834      0.399223834      0.399223834      0.399223834      0.399223834      0.399223834      0.399223834      0.399223834      0.399223834      0.399223834      0.399223834      0.399223834      0.399223834      0.399223834      0.399223834      0.399223834      0.399223834      0.399223834      0.399223834      0.399223834      0.399223834      0.399223834      0.399223834      0.399223834      0.399223834      0.399223834      0.399223834      0.399223834      0.399223834      0.399223834      0.399223834      0.399223834      0.399223834      0.399223834      0.399223834      0.399223834      0.399223834      0.399223834      0.399223834      0.399223834      0.399223834      0.399223834      0.399223834      0.399223834       0.00000000    
 nbcur:    609968.250       0.00000000    
 etanb:   0.132601798       0.00000000    
 gammanb:    5.31052649E-02   1.03884474E+37
 pNBAbsorb:    4.59999990       0.00000000    
 pNBLoss:    0.00000000       0.00000000    
 nbcurTot:    609968.250    
 etanbTot:   0.132601798    
 beamBeta:    8.20902362E-03
 pNBAbsorbTot:    4.59999990    
 pNBLossTot:    0.00000000    
 beamFusTot:   -4.20996046    
 beamFusChTot:   -2.63694835    
 snDTTotal:    7.00414133    
 snDDTotal:   -4.00727568E+18
 iflag:            0
 taus:    97.7731476    
